Pause0.05
sending_delay   [ 8 42 34 33 34 33 34 32 34 41 53 53 54 53 51 52 52 50 54 51 53 54 52 52
 51 54 52 54 52 52 56 52 53 51 52 54 52 51 54 50 52 52 54 51 54 53 52 52
 54 51 53 52 51 52 55 52 53 51 54 53 52 52 53 54 51 53 51 54 51 52 54 51
 53 51 54 53 53 53 52 52 52 52 54 53 53 53 51 54 51 52]

loop_delay  [99 53 50 52 52 54 52 52 52 53 53 51 53 53 52]
Mean of loop delay 55.4 55.4
Confedense intreval  48.69947218632316 62.100527813676834

pause0.04
sending_delay   [ 16  31  34  32  32  33  34  32  33  67  34  35  31  36  34  34  33  35
  32  34  40  27  33  33  36  36  30  33  33  34  31  35  35  34  32  32
  36  32  33  34  34  33  33  34  35  35  32  33  36  32  32  33  33  34
  33  39  28 102  34  34  35  31  33  34  32  34  33  33  33  33  33  33
  32  34  32  32  33  35  33  32  35  33  34  32  36  32  32  33  32  33]

loop_delay  [604 571 537 501 435 403 368 332 338]
Mean of loop delay 454.3333333333333
Confedense intreval  375.5757989966364 533.0908676700302

pause0.02

sending_delay   [ 8 37 33 34 34 32 34 33 33 37 30 35 33 32 34 34 33 33 33 35 34 33 33 33
 33 33 34 33 33 34 33 33 34 32 34 34 32 34 34 34 32 34 33 34 34 34 33 33
 33 35 32 34 34 33 33 34 32 34 33 34 33 33 34 32 34 34 33 34 35 33 33 33
 33 34 33 34 34 33 33 35 33 33 33 33 34 34 34 32 33 33 33 33 33 34 33 34
 33 33 34 34 34 33 34 33 33 34 34 32 33 35 34 33 33 34 32 33 33 33 33 33
 34 33 33 34 32 34 34 34 34 33 33 33 34 33 33 33 33 34 34 33 33 33 35 31
 33 33 33 33 33 33 33 34 33 33 33 34 33 34 34 33 33 33 34 33 33 33 34 33
 34 36 31 34 33 33 36 30 33 33 33 34 35 32 37 31 32 68 33 35 32 34 67 33
 33 33 66 33 33 35]

loop_delay  [2504 5306]
Mean of loop delay 3905.0
Confedense intreval  -13896.392835741364 21706.392835741364

pause0.1

sending_delay   [ 10  34  34  35  32  34  34  33  33  34  33  33  32  33  33  34  33  33
  34  34  33  32  34  33  34  33  34  33  77 103 104 104 102 100 104 105
 101 103 103 100 103 104 103 102 104 101 104 102 103 103 101 102 100 102
 106 103 102 100 103 102 104 100 104 101 103 104 101]

loop_delay  [565 397 266 134 103 105 104 102 102 102 104]
Mean of loop delay 189.45454545454547
Confedense intreval  84.25671436043132 294.6523765486596

pause0.2

sending_delay   [ 11  33  31  34  34  32  34  34  32  34  34  33  34  34  33  87  10  33
  49  32  36  34  33  34  33  33  32  32  34  35  33  35  34  34  31  36
  33  32  33  35  32  35  33  33  33  34  33  33  34  32  34  32  33  36
  32  34  32  33  35  32  34  33  34  32  34  33  34  33  34  33  34  33
  34  32  33  34  33  34  35 107 204 204 203 200 208 201 204 202 203 204
 202 203 205 201 203 203 202 201 203 205 201 203 203 202 203 204 201 202
 204 202 203 203 202 201 203 202 202 201 203 203 201 206 199 202 203 201
 206 200 201 205 200 203 203 204 201 203]

loop_delay  [2149 1983 1785 1602 1437 1268 1100  932  768  599  434  268  176  200
  204  203  203  202  201  203  201  203]
Mean of loop delay 741.8636363636364
Confedense intreval  442.7998383453929 1040.9274343818797

**********************************************************BCI3_10_21_1_30SW005********************************
pause0.05
sending_delay   [ 9 31 33 33 34 34 33 33 33 34 33 33 34 33 34 32 33 35 34 33 34 32 34 33
 33 33 33 34 33 34 33 34 33 34 33 34 32 33 33 34 33 35 33 33 33 34 34 33
 34 33 33 34 33 34 33 34 33 33 33 33 33 34 33 34 34 33 33 33 34 33 33 34
 33 34 33 33 33 34 34 33 33 34 32 33 34 33 33 33 33 33 35 33 33 33 33 33
 33 34 33 33 33 33 33 34 33 33 34 33 34 33 33 33 33 35 50 51 49 51 49 51
 51 50 52 51 50 50 50 52 49 51 49 51 50 51 52 49 51 51 49 52 49 50 52 51
 50 50 50 51 50 52 49 52 49 52 50 50 50 50 52 51 48 51 51 49 51 51 52 49
 51 51 50 51 49 51 52 50 50 51 50 51 48 52 51 51 49 51 51 49 51 51 50 51
 50 50 53 49 51 51 50 51 49 53 49 52 51 48 52 50 50 51 50 52 50 49 52 51
 51 50 52 50 50 51 51 50 51 49 52 50 51 51 50 50]
 # flag_sending  38
 # flag_recieving  38
loop_delay  [1268 1202 1136 1068 1002  934  869  800  701  634  567  500  432  366
  300  232  166  100   34   51   50   51   51   51   52   50   51   49
   51   51   51   51   51   52   51   51   51   50]
Mean of loop delay 349.39473684210526
Confedense intreval  215.56887060924873 483.2206030749618

**********************************************BCI3_10_21_3_30SW005*********************************
sending_delay   [13 36 35 32 33 35 31 34 35 33 32 35 34 32 33 33 33 33 33 35 34 32 33 33
 35 33 33 34 34 33 34 33 33 34 32 33 33 33 33 34 33 33 35 32 32 34 33 34
 33 34 34 33 33 33 33 34 35 31 35 32 34 32 35 32 33 37 30 35 34 32 34 33
 33 34 33 34 33 34 34 34 32 34 34 34 34 33 33 33 34 33 33 33 35 32 33 34
 33 33 33 33 34 33 33 34 34 33 33 33 33 33 34 34 34 33 34 33 33 33 33 33
 33 33 33 33 34 34 33 32 33 34 33 33 34 33 33 33 33 33 36 32 33 34 32 35
 38 51 50 50 51 49 51 52 48 51 51 50 51 50 50 50 52 50 50 50 52 51 50 51
 48 51 50 50 51 50 51 50 50 50 52 50 50 51 50 51 51 50 49 52 51 49 50 50
 52 49 51 50 51 50 51 49 51 50 50 51 51 50 51 51 49 50 52 50 49 52 50 49
 52 50 50 50 51 50 50 51 50 51 50 50 49 51 51 51 50 51 51 50 51 48 52 48
 51 52 50 51 50 50 50 50 52 49 50 51 52 51 49 50 50 50 52 49 51 51 50 49
 51 51 51 49 51 51 51 49 51 50 51 49 52 50 51 50 49 52 50 50 50 51 50 50
 52 49 51 50 50 52 49 51 50 52 49 51 50 51 50 50 51 49 52 50 49 51 50 51
 50 51 50 49 53 49 49 52 50 51 49 50 52 51 50 50 51 50 50 51 50 51 50 50
 51 50 51 49 50 51 52 50 52 49 50 51 50 52 49 51 49 51]
# flag_sending  59
 # flag_recieving  59
loop_delay  [1600 1535 1467 1399 1333 1266 1201 1136 1071 1002  937  869  802  734
  632  567  501  433  364  298  232  166  101   35   49   50   50   51
   50   50   50   50   50   51   50   49   50   50   51   48   50   51
   50   49   51   49   52   50   52   51   49   51   49   50   50   50
   51   51   51]
Mean of loop delay 363.33898305084745
Confedense intreval  235.86853932460048 490.8094267770944

***************************************BCI3_10_21_2_30SW005.txt***********************************
sending_delay   [ 7 34 34 34 37 29 32 34 33 34 37 35 32 33 33 35 33 33 35 35 31 39 31 34
 34 33 32 35 33 34 34 33 34 34 33 33 34 34 33 35 32 34 33 34 34 32 36 30
 33 33 33 33 34 33 32 34 33 34 33 33 33 34 34 34 32 33 33 34 33 33 34 33
 33 33 34 33 33 33 33 34 33 33 33 34 32 35 32 33 33 33 34 32 33 33 33 33
 33 33 34 33 33 35 33 33 33 33 34 34 33 34 33 34 32 34 33 33 33 34 33 33
 33 34 33 33 33 33 33 33 33 33 33 33 34 33 33 33 33 33 34 33 33 35 33 33
 33 33 34 34 32 33 33 34 33 33 34 33 32 34 33 34 33 32 33 33 35 33 34 33
 33 34 32 33 34 34 34 33 33 34 33 34 33 35 32 33 34 33 35 32 33 33 33 34
 32 33 33 35 33 33 35 32 33 33 34 33 34 33 33 33 34 33 34 33 34 33 34 33
 34 33 33 34 34 35 33 34 66 33 34 33 34 33 66 34 34 33 34 66 33 33 33 33
 66 33 33 66 33 33 33 34 33 33 68 33 33 33 33 68 34 33 33 66 34 33 34 66
 33 33 33 34 65 33 34 34 33 34 68 33 33 33 66 33 33 34 33 33 67 34 33 33
 34 67 34 33 33 33 34 66 33 35 33 33 67 33 33 33 67 34 33 34 33 33 67 34
 34 33 66 33 34 66 34 34 33 35 32 68 34 33 33 33 33 67 33 33 35 34 34 33
 66 34 32 33 67 33 33 33 33 68 33 33 67 33 33 33 33 33 33 66 33 33 35 34
 66 33 33 33 66 33 33 34 67 34 34 33 33 33 67 33 33 33 34 67 34 32 33 66
 33 33 33 33 34 33 68 31 34 33 70 32 32 33 35 34 67 33 33 33 33 66 33 35
 33 66 33 33 34 66 34 33 66 34 33 33 33 33 33 34 66 34 33 34 66 34 33 33
 33 34 67 33 33 34 33 67 36 31 33 34 67 33 33 33 33 34 66 66 34 33 33 34
 33 33 34 67 33 33 33 34 66 32 33 66 36 34 33 33 33 70 33 34 32 33 33 66
 33 35 33 33 66 33 34 34 34 35 67 34 32 33 34 66 34 34 33 68 33 33 33 33
 33 66 33 33 33 33 67 34 32 34 67 33 33 33 67 33 33 33 33 34 66 35 33 33
 66 33 33 33 34 66 34 33 33 33 67 33 34 33 34 34 66 35 33 33 34 34 67 33
 33 33 33 68 34 33 33 67 34 33 33 67 33 33 33 34 33 67 33 33 33 34 66 34
 33 34 67 34 33 33 34 33 66 33 33 33 34 66 34 33 33 33 34 66 33 33 34 33
 66 66 33 33 33 33 34 33 33 68 33 34 33 34 66 34 33 33 68 32 34 34 33 67
 33 33 33 34 33 67 34 33 33 33 66 34 33 33 33 66 33 33 33 67 33 34 32 34
 33 66 34 34 32 68 34 33 33 33 67 33 32 34 67 33 34 35 32 33 68 33 33 33
 33 66 34 33 32 68 32 35 33 67 32 34 33 34 32 36 66 33 34 33 33 33 66 33
 33 34 33 67 33 33 33 66 34 33 33 35 33 67 33 34 66 33 34 33 34 34 66 33
 34 32 68 34 33 34 32 34 66 33 34 33 34 66 33 33 33 36 31 66 34 34 32 33
 69 32 33 33 33 67 33 36 33 65 36 32 34 33 33 66 33 34 32 69 33 32 34 67
 32 34 32 33 33 67 35 33 32 34 67 33 32 34 37 32 65 33 34 35 33 67 35 33
 33 68 33 33 33 33 34 66 33 34 34 66 34 32 33 34 67 33 34 32 66 33 33 33
 34 35 66 33 34 34 33 66 34 33 33 34 35 67 33 33 34 66 34 33 33 34 66 33
 34 35 33 33 66 33 33 33 33 67 33 33 34 34 33 67 34 32 34 68 33 33 33 66
 33 33 34 34 32 66 33 33 34 34 69 31 33 33 68 33 33 33 33 66 33 33 34 67
 34 33 34 34 33 34 66 34 33 33 34 34 66 33 33 34 67 34 34 33 33 33 66 33
 33 67 33 34 33 34 33 66 33 33 33 67 34 33 34 34 33 66 33 33 34 33 67 33
 33 34 33 66 33 33 33 66 33 33 33 33 34 67 32 33 33 33 67 34 32 34 67 34
 33 33 66 33 34 33 35 32]
# flag_sending  161
 # flag_recieving  44
loop_delay  [11031 10966 10933 10862 10827 10761 10725 10688 10659 10626 10591 10526
 10492 10459 10428 10396 10364 10328 10260 10226 10196 10132 10099 10065
 10031  9998  9932  9864  9832  9798  9764  9698  9665  9632  9598  9563
  9496  9559  9494  9464 12133 17562 17527 22864]
Mean of loop delay 10866.227272727272
Confedense intreval  10116.862010253968 11615.592535200576

******************************python main.py --filename BCI3_11_21_8_50R004.txt*********
sending_delay   [13 33 34 34 34 34 32 34 33 34 32 35 36 32 33 67 33 38 29 33 32 36 36 32
 35 31 34 33 33 34 34 32 36 34 32 33 33 34 34 32 38 34 30 33 32 35 33 32
 35 33 32 34 33 33 35 32 32 33 35 34 34 36 29 35 33 34 33 33 33 31 35 33
 34 33 35 32 34 32 36 32 34 32 33 34 33 34 33 34 34 34 33 42 29 32 34 34
 34 33 33 35 34 33 33 33 34 33 33 33 33 34 35 32 34 36 32 34 33 34 33 33
 33 34 34 67 33 34 35 32 32 34 32 34 33 34 34 34 33 33 33 34 33 35 31 35
 33 31 35 33 35 33 32 33 33 35 34 34 34 34 33 34 33 37 30 34 33 34 33 33
 34 34 34 34 32 34 33 34 34 33 33 35 32 34 34 32 33 34 33 33 33 34 33 34
 33 34 33 34 33 34 32 36 34 35 34 34 34 32 33 34 34 32 34 34 47 19 33 33
 34 35 31 35 32 33 33 33 35 34 33 32 33 33 35 32 66 34 34 33 34 34 34 32
 33 34 33 33 33 34 35 35 32 34 32 34 34 33 34 33 32 33 34 33 33 35 32 34
 35 33 32 36 31 33 33 33 34 36 31 33 33 33 33 34 35 33 32 32 35 32 32 37
 31 32 33 36 33 42 26 30 34]
# flag_sending  49
 # flag_recieving  35
loop_delay  [4283 4219 4150 4113 4082 4013 3978 3914 3882 3851 3818 3786 3751 3719
 3651 3617 3582 3517 3482 3447 3414 3380 3379 3313 3278 3214 3179 3143
 3111 3042 3011 2974 2939 2901 2875]
Mean of loop delay 3543.0857142857144
Confedense intreval  3400.6120385860345 3685.5593899853943

***********************python main.py --filename BCI3_11_21_8_49R0045.txt***
sending_delay   [14 31 34 38 29 33 34 36 31 34 42 47 52 46 47 48 47 53 45 49 50 48 48 48
 50 45 47 46 45 47 47 48 47 48 45 49 49 49 46 45 52 44 49 45 47 50 45 47
 47 45 48 44 48 46 47 46 47 44 47 46 46 45 47 46 49 49 44 49 48 48 48 48
 50 47 51 43 46 48 47 47 45 50 46 50 45 48 44 49 48 45 50 45 48 48 47 49
 48 49 48 48 46 47 51 47 46 55 45 47 45 49 50 43 50 45 50 48 49 48 45 47
 49 74 33 38 46 49 49 50 46 45 48 49 45 49 48 46 48 49 48 48 48 46 49 46
 50 45 49 49 47 48 48 47 46 47 49 47 47 48 48 47 46 49 49 45 47 49 48 47
 50 50 46 47 45 49 48 45 49 50 47 46 49 49 47 47 47 48 50 48 47 48 47 48
 48 47 49 46 46 46 50 49 47 48 47 48 52 45 51 44 50 48 51 45 49 47 45 50
 49 46 48 48 47 48 49 45 48 48 48 48 48 48 46 49 47 50 48 47 48 48 49 46
 51 46 47 50 46 48 49 48 47 50 45 48 49 45 46 48 49 45 52 46 48 50 45 48
 48 48 46 48 48 46 47 48 49 47 47 49 46 49 48 47 48 44 50 48 44 51 48 45
 48 64 31 49 47 47 50 46 49 46 48 47 49 47 47 45 49 48 48 45 47 47 47 49
 48 46 48 46 46 45]
# flag_sending  53
 # flag_recieving  53
loop_delay  [103  47  53  48  47  49  44  47  46  46  49  48  48  50  45  49  47  47
  45  47  49  49  49  46  48  47  49  47  49  46  48  48  46  48  48  49
  48  48  50  46  48  48  45  48  46  49  44  45  47  47  48  49  45]
Mean of loop delay 48.528301886792455
Confedense intreval  46.37647826027992 50.68012551330499

********************python main.py --filename BCI3_11_21_8_47R02.txt
sending_delay   [ 14  33  34  35 297 206 325 204 206 206 205 203 204 204 203 202 204 202
 206 201 199 202 202 201 203 200 200 201 205 201 318 201 202 204 202 202
 204 205 201 203 205 203 205 205]
# flag_sending  7
 # flag_recieving  7
loop_delay  [206 203 201 200 201 202 202]
Mean of loop delay 202.14285714285714
Confedense intreval  200.33774307809375 203.94797120762053


*************python main.py --filename BCI3_11_21_8_50R0045.txt 
sending_delay   [ 9 39 34 34 34 32 34 59 50 49 48 49 49 48 47 49 48 48 48 48 49 48 49 49
 48 49 46 49 47 51 52 47 48 48 46 47 50 46 48 49 48 47 49 47 49 47 50 46
 48 48 47 49 47 49 49 47 50 46 46 49 48 47 48 48 51 47 48 49 46 47 49 47
 47 49 45 49 48 50 48 45 50 47 47 48 49 48 46 48 48 49 47 48 50 47 49 49
 48 48 45 50 47 45 50 47 47 47 49 45 50 49 46 47 48 49 48 49 47 47 48 48
 49 49 46 47 45 49 49 49 47 46 45 48 49 48 46 50 49 46 49 49 50 47 48 48
 47 49 48 47 49 45 51 46 47 50 49 46 48 47 46 49 48 47 48 48 48 48 47 47
 50 46 47 48 48 47 50 45 50 56 41 49 48 47 46 47 47 48 48 50 47 47 48 46
 49 76 33 34 48 45 50 50 49 46 48 47 49 46 48 48 49 57 38 49 48 46 48 47
 49 46 47 50 47 47 51 49 45 50 48 46 50 46 49 48 46 47 50 45 49 48 45 48
 47 47 46 48 50 49 46 48 47 47]
# flag_sending  41
 # flag_recieving  41
loop_delay  [66 49 48 49 51 47 46 46 49 49 47 47 49 48 49 49 45 45 49 48 49 48 46 48
 45 46 47 47 47 49 48 46 45 47 57 47 47 46 47 48 48]
Mean of loop delay 48.146341463414636
Confedense intreval  47.038091422378564 49.25459150445071

******************python main.py --filename BCI3_11_21_8_50R004.txt 
sending_delay   [14 33 32 36 32 32 35 32 33 35 31 35 33 34 32 34 34 37 40 41 41 41 40 43
 41 42 39 43 39 41 42 40 43 40 41 41 42 42 44 43 40 43 41 41 40 41 43 42
 41 41 39 41 43 40 42 41 41 40 41 40 42 40 40 42 42 41 41 40 41 42 44 42
 45 43 41 42 42 43 45 40 44 40 44 40 42 42 41 40 41 41 42 42 39 43 40 40
 43 49 40 40 43 40 45 44 42 43 42 42 45 43 44 39 43 41 43 39 43 41 43 39
 43 41 41 41 42 41 43 41 42 41 42 41 42 42 42 43 43 43 41 41 43 43 43 42
 45 43 41 43 41 42 41 42 41 41 43 41 43 40 42 41 42 41 43 40 42 41 41 42
 42 43 40 44 40 42 41 40 40 44 41 42 41 40 43 39 41 43 38 42 39 42 40 41
 43 41 39 42 41 41 43 40 43 43 43 40 43 42 43 45 41 41 43 41 40 42 41 41
 41 41 41 40 42 39 42 42 41 39 43]
# flag_sending  38
 # flag_recieving  38
loop_delay  [99 67 37 43 41 41 42 42 40 40 41 42 43 40 41 40 40 42 41 39 41 41 43 42
 42 41 41 42 42 42 43 41 41 40 41 41 39 39]
Mean of loop delay 43.23684210526316
Confedense intreval  39.85842271519343 46.61526149533289

***********************python main.py --filename BCI3_11_21_9_50R0043.txt
sending_delay   [24 23 32 34 34 36 31 33 34 33 35 33 33 34 63 33 33 33 36 32 32 33 35 32
 33 33 35 33 35 33 34 33 35 32 33 35 32 36 33 34 34 33 33 34 31 37 31 35
 35 31 33 33 34 34 31 34 34 34 34 33 35 33 31 36 33 33 36 31 33 37 31 32
 36 33 34 34 34 34 33 33 34 35 31 40 30 36 32 32 33 34 32 35 33 34 34 33
 34 33 32 34 33 34 31 36 35 31 34 34 34 33 32 33 34 33 34 32 35 32 33 33
 33 34 34 33 33 33 34 32 35 33 37 32 33 33 33 34 34 35 33 33 35 32 34 34
 33 35 34 32 34 33 37 32 34 33 34 35 32 33 32 34 34 32 33 36 33 35 33 31
 35 33 34 36 30 33 33 33 36 33 34 31 40 28 35 32 35 34 33 33 40 29 32 32
 33 33 34 45 22 35 31 36 33 35 34 33 32 34 34 33 34 36 32 31 33 35 33 34
 34 34 34 33 33 34 33 33 33 35 34 33 34 33 33 35 32 34 33 33 35 31 33 34
 34 34 33 33 34 32 68 32 34 35 64 34 34 33 32 69 32 34 34 33 67 34 35 32
 34 34 67 33 33 34 35 32 68 32 34 32 33 67 34 34 33 67 34 34 35 32 33 69
 35 35 65 34 34 32 32 33 33 68 35 33 35 33 67 32 33 48 52 38 31 32 32 36
 65 35 32 33 68 35 33 34]
# flag_sending  53
 # flag_recieving  34
loop_delay  [3614 3545 5395 5362 5295 5260 5201 5160 5093 5062 5026 4960 4924 4859
 4823 4756 4689 4654 4623 4621 4589 4587 4556 4556 4484 4517 4452 4486
 4419 4387 4386 4356 4353 4352]
Mean of loop delay 4688.294117647059
Confedense intreval  4539.303306977928 4837.2849283161895

*****************python main.py --filename BCI3_11_21_9_50R0047.txt***********
sending_delay   [14 34 33 34 34 32 33 37 32 34 40 49 54 47 50 49 48 50 49 52 48 50 47 51
 50 48 51 49 50 50 53 48 51 49 50 48 49 51 49 48 50 48 52 49 49 49 49 49
 51 50 48 50 49 50 49 50 52 48 50 49 51 49 50 50 49 49 48 50 50 50 48 49
 53 46 50 49 49 50 50 50 49 48 49 49 47 51 49 50 48 51 50 48 49 51 51 47
 52 49 49 51 49 48 51 47 50 50 52 48 50 48 48 49 49 50 50 48 50 51 47 49
 50 48 50 50 51 48 48 53 45 52 48 49 49 51 49 49 47 48 48 51 51 49 49 49
 52 47 51 50 49 49 51 49 50 48 48 50 50 47 52 47 50 52 50 49 49 48 49 52
 50 49 49 53 49 50 51 49 49 49 49 49 50 52 48 48 49 51 49 51 47 50 48 51
 50 48 51 48 46 50 48 51 48 49 50 47]
# flag_sending  34
 # flag_recieving  34
loop_delay  [102  49  50  51  50  48  48  49  50  49  49  49  50  49  51  47  48  48
  50  49  48  48  48  49  49  50  52  52  49  49  51  51  50  47]
Mean of loop delay 50.85294117647059
Confedense intreval  47.668789028098246 54.03709332484293

*****************************************************************python main.py --filename BCI3_11_21_10_50R004.txt********
sending_delay   [13 33 32 38 32 34 32 35 33 36 31 34 37 42 44 40 44 41 46 42 43 44 42 42
 42 43 42 42 41 43 46 41 43 42 42 43 42 45 43 42 41 45 40 46 41 45 39 46
 41 43 41 42 42 46 43 43 42 41 44 43 42 44 43 42 40 45 41 43 43 43 42 78
 45 40 44 42 42 43 43 43 43 41 44 42 45 40 43 44 43 42 44 41 42 42 43 41
 44 42 41 41 42 42 42 43 42 43 43 41 44 42 43 41 43 44 41 45 41 43 41 43
 44 41 43 42 44 42 42 45 41 44 41 43 42 44 63 41 43 42 43 42 43 44 41 42
 45 42 45 41 42 43 45 40 44 43 40 44 43 43 44 41 42 44 42 43 42 43 44 45
 43 41 43 47 39 44 43 43 43 42 43 41 44 44 41 44 44 41 45 42 42 42 43 42
 43 43 46 42 42 41 45 40 43 45 40 42 43 43 45 42 41 42 43 45 42 41 45 43
 40 42 43 43 44 42 42 44 40 45 39 44 40 43 43 40 44 42 42 42 40 44 44 40
 46 41 59 42 41 43 44 41 44 42]
# flag_sending  41
 # flag_recieving  41
loop_delay  [101  34  41  41  43  43  45  44  46  43  44  78  43  41  42  41  42  41
  44  43  42  43  42  42  43  44  44  44  44  41  41  41  41  42  42  43
  42  44  42  40  43]
Mean of loop delay 44.63414634146341
Confedense intreval  41.23625526993598 48.032037412990846

*************************************************************python main.py --filename BCI3_11_21_10_50R0043.txt***********
sending_delay   [14 31 32 34 32 34 34 45 45 47 46 47 46 46 46 46 47 44 49 44 47 45 45 45
 49 44 46 47 46 47 51 45 44 45 44 47 47 45 45 48 56 35 46 45 44 49 45 47
 44 48 45 45 44 49 43 45 48 45 46 44 48 44 47 45 46 44 48 44 46 46 45 45
 46 45 48 45 47 43 48 46 45 44 48 46 45 47 47 45 44 46 46 45 45 47 44 47
 46 46 45 45 47 45 45 45 45 47 46 46 45 46 43 47 45 47 45 49 45 44 45 48
 45 48 45 45 45 44 47 46 44 45 45 47 43 48 46 46 44 45 45 48 44 46 45 44
 48 47 46 46 45 45 46 44 48 45 46 45 46 46 45 48 44 45 48 44 46 46 45 45
 47 46 79 46 43 46 47 46 45 47 45 46 45 46 46 47 46 43 49 45 45 45 47 46
 44 47 47 44 47 45 45 46 45 48 44 47 47 45 45 49 43 47 46 45 45 47 46 44
 47 46 44 46 45 45 45 43 47 44 44 44 48 44 45 45 48 45 44 49 48 45 47 44
 45 45 48 45 44 44 47 47 44 48 45 43 47 45 44 46 45 47 45 47 45 45 46 45
 47 73 33 34 42 43 50 42]
# flag_sending  45
 # flag_recieving  45
loop_delay  [68 47 44 45 47 46 35 47 49 44 44 45 43 46 46 47 44 46 47 48 44 47 45 44
 45 45 44 45 46 46 43 46 45 47 47 44 45 44 45 44 44 43 47 45 43]
Mean of loop delay 45.577777777777776
Confedense intreval  44.37180367401094 46.78375188154461

****************************************BCI3_11_21_10_50R003**********************
sending_delay   [ 13  32  32  34  32  33  33  34  32  34  33  34  33  34  33  32  33  35
  33  33  35  34  32  33  35  32  32  33  34  32  33  33  33  34  34  32
  33  33  34  33  32  34  33  34  34  32  34  32  34  34  33  33  35  32
  34  33  32  35  34  33  34  32  35  30  35  34  33  33  33  33  33  34
  33  35  32  34  32  34  33  35  32  34  32  36  32  33  32  34  35  32
  34  33  35  37  30  33  34  34  31  35  36  32  33  33  32  35  33  35
  33  34  33  35  32  32  35  33  35  32  34  32  34  34  33  34  33  32
  34  35  32  33  32  34  33  34  33  34  34  34  32  35  33  32  34  34
  35  32  34  33  33  34  32  35  33  33  34  33  33  33  33  34  34  34
  33  33  34  33  35  32  33  34  35  34  33  34  33  32  33  33  34  33
  35  33  33  35  32  36  32  33  35  34  33  35  33  34  33  35  33  32
  33  35  33  35  32  34  34  34  32  36  35  33  35  33  33  33  36  33
  32  33  33  33  33  33  34  33  33  34  34  34  66  33  34  33  67  34
  34  33  34  35  32  67  34  34  33 166  34  34  33  32  33  33  36  31
  34  34  68  34  34  33  69  32  34  32  66  66  35  34  32  34  35  33
  34  32  34  68  33  33  34  67  33  35  32  34  34  69  31  35  32  35
  35  33  66  34  34  34  33  68  33  36  33  33  37  64  34  33  33  67
  34  35  35  35  65  32  34  33  35  33  65  34  34  34  33]
# flag_sending  53
 # flag_recieving  25
loop_delay  [  99   66   68   68   65   65   67   66   99   99  166  266  468  736
 1172 1638 2070 2275 2945 3750 4454 4758 5327 5769 6206]
Mean of loop delay 1710.48
Confedense intreval  840.2182502184777 2580.7417497815222

**************BCI3_11_21_10_50R0035
sending_delay   [17 29 32 36 35 32 34 33 33 33 32 34 35 31 34 33 33 33 39 37 37 36 40 40
 40 38 38 35 39 38 45 38 38 38 37 41 38 37 40 37 38 38 37 37 36 37 38 36
 39 36 38 38 38 37 38 38 38 37 38 38 40 36 38 37 37 36 40 38 37 37 39 36
 39 37 37 38 36 40 38 38 37 38 37 38 36 40 36 38 39 38 36 38 37 38 39 36
 38 37 36 38 35 36 39 38 38 38 37 36 40 36 37 38 38 38 36 37 39 37 37 39
 37 39 39 39 38 36 40 38 37 37 36 39 38 38 38 40 35 38 38 39 39 35 37 40
 38 38 36 39 37 37 37 40 37 37 37 38 36 37 38 36 38 38 39 67 40 37 36 36
 38 39 38 37 37 39 37 38 37 38 37 37 39 36 38 39 36 38 36 39 37 37 37 40
 35 38 38 37 39 38 38 38 37 34 37 36]
# flag_sending  34
 # flag_recieving  34
loop_delay  [99 68 33 40 38 41 38 36 37 38 36 36 40 38 38 36 36 36 38 39 36 39 38 40
 37 38 38 36 38 37 38 40 38 36]
Mean of loop delay 40.294117647058826
Confedense intreval  36.204711847551735 44.38352344656592

**********************************BCI3_11_21_10_50R0033
sending_delay   [ 10  33  34  33  36  30  34  33  35  32  33  33  34  34  34  32  61  34
  33  33  34  35  31  46  33  43  21  33  33  34  33  32  33  33  34  34
  34  36  30  34  35  34  36  36  34  37  34  38  36  34  36  36  35  34
  36  36  36  35  37  35  37  34  35  35  36  35  37  35  36  35  35  35
  38  34  35  36  35  35  38  35  37  36  35  34  36  36  35  37  36  34
  38  33  35  36  35  38  34  34  38  35  35  85  10  32  35  39  29  33
  33  34  34  34  31  34  35  33  32  34  33  35  33  32  34  34  32  33
  33  34  33  33  33  33  33  34  33  33  33  33  33  33  34  33  33  34
  33  34  32  35  33  33  33  33  33  33  34  34  34  33  35  32  34  32
  33  34  32  35  33  33  32  35  32  35  32  34  34  33  33  33  33  34
  35  32  33  35  31  33  35  33  35  33  48  17  33  33  34  33  34  33
  33  35  34  32  34  33  35  34  36  30  34  33  34  33  33  36  33  32
  33  34  33  38  30  36  31  32  34  34  32  34  34  32  33  42  24  33
  34  34  32  33  33  33  33  34  34  33  69  32  33  34  67  67  32  34
  34  34  35  33  32  33  33  35  67  31  34  71  31  34  31  34  33  34
  65  35  33  36  31  35  66  34  35  32  35  34 368  35  33  35  31  35
  33  34  34  33  34  34  33  50  19  33  32  33  34  33  34  32  34  32
  35  34  33  33  34  33  34  32  34  34  32  34  34  32  35  33  34  34
  33  34  33  34  34  32  34  31  35  67  33  34  33  67  35  33  34  66
  32  34  32  34  33  33  68  33  67  33  33  35  31  33  34  34  69  32
  33  34  34  67  33  34  33  66  33  39  29  35  30  34  68  35  34  36
  33  65  37  32  32  34  65  34  33  33  33  67  38  30  32  68  34  33
  32  32  33  66  36  30  67  43  24  34  35  66  32  34  33]
# flag_sending  68
 # flag_recieving  41
loop_delay  [  64   33   67   78   67   34   34   38   34   35   35   35   35   34
   34   38   84  964  932  930  897  899  900  866  867  868  831  833
  801  802  803 1188 1203 1168 1166 1266 1234 1269 2512 2516 3949]
Mean of loop delay 742.5121951219512
Confedense intreval  484.9010073593408 1000.1233828845616

*************************BCI3_11_21_11_50R0033
sending_delay   [14 31 33 33 34 34 33 33 34 35 31 34 34 34 32 34 32 34 35 33 32 36 31 36
 35 33 33 37 33 36 40 36 36 35 34 36 35 38 35 35 35 33 35 36 34 36 36 36
 37 33 35 55 32 33 35 33 33 33 33 35 33 39 32 37 36 35 37 34 35 37 35 35
 37 35 35 36 38 32 38 34 35 36 36 35 36 35 35 36 36 35 38 34 37 34 38 33
 36 36 37 35 36 34 37 35 34 35 35 36 37 34 36 35 36 36 39 34 35 36 35 35
 37 37 35 35 35 36 35 40 33 36 36 35 36 36 36 35 38 36 36 36 33 34 34 35
 33 36 37 34 54 33 33 36 33 32 35 33 32 33 38 34 37 36 36 33 38 33 34 37
 36 35 36 34 36 37 35 37 35 34 36 35 34 34]
# flag_sending  30
 # flag_recieving  30
loop_delay  [100  68  34  36  36  35  33  36  33  34  35  35  32  35  35  33  34  36
  36  35  36  35  36  35  33  33  36  37  37  35]
Mean of loop delay 38.13333333333333
Confedense intreval  33.197302061582626 43.06936460508404

***********************BCI3_11_21_11_50R0032
sending_delay   [15 39 34 33 36 32 33 34 33 35 34 33 33 33 33 33 33 34 33 33 34 33 34 33
 34 33 38 32 34 34 33 33 32 34 34 33 33 33 35 41 27 34 34 35 32 33 33 34
 35 33 38 30 33 33 34 32 34 32 35 33 36 33 33 32 32 34 34 33 32 35 36 32
 33 33 34 31 34 39 28 33 34 34 35 33 34 32 34 33 35 33 33 34 33 33 33 34
 36 34 30 33 35 34 34 32 35 34 32 34 34 32 34 33 35 33 34 34 32 34 34 34
 33 38 28 33 33 33 34 34 37 31 32 34 34 33 33 34 33 36 33 34 31 32 34 35
 33 32 33 34 33 34 35 34 34 35 32 33 34 35 33 35 35 36 34 34 34 36 36 34
 34 35 34 37 35 34 36 33 35 34 33 34 32]
# flag_sending  30
 # flag_recieving  30
loop_delay  [166 131 134 138 132  99 103 102  99 101 101  98 100  99  99 103  68  68
  67  66  67  34  36  35  33  33  36  34  34  34]
Mean of loop delay 81.66666666666667
*****************************************************python main.py --filename BCI3_11_21_11_50R0031.txt
sending_delay   [ 11  34  34  34  33  34  34  32  33  33  34  35  32  33  33  33  57  33
  33  34  36  31  36  34  33  34  33  32  35  34  32  34  34  33  32  35
  33  33  35  33  32  34  32  33  33  39  32  30  33  34  33  33  34  33
  32  33  35  35  32  33  34  33  36  36  35  33  32  34  33  33  35  31
  44  25  33  33  34  33  34  33  33  34  34  34  33  33  33  32  35  35
  33  31  34  33  33  35  33  32  34  34  34  33  32  34  34  34  33  33
  34  35  33  33  34  32  34  35  33  32  35  37  29  35  33  33  34  34
  33  32  35  35  33  35  33  33  31  34  33  34  33  34  34  34  31  34
  34  32  35  33  34  33  34  33  32  35  33  34  33  33  33  34  32  33
  34  35  34  33  32  34  33  35  33  36  33  33  34  32  34  35  33  34
  32  35  32  34  34  34  34  34  32  34  32  36  33  34  33  34  33  35
  31  33  33  34  34  32  37  29  34  34  33  34  34  34  33  33  35  37
  31  34  33  33  34  34  33  34  33  33  33  35  33  33  34  32  36  33
  33  34  32  34  33  35  34  35  33  33  34  31  34  34  35  34  32  35
  33  33  34  33  67  35  32  34  33  33  35  33  35 364  34  33  34  34
  32  34  34  34  32  33  34  34  33  34  34  34  32  35  31  35  31  33
  35  34  33  34  32  35  33  33  34  35  32  35  35  34  31  35  32  35
  32  39  28  32  34  39  31  35  30  34  32  34  70]
# flag_sending  53
 # flag_recieving  42
loop_delay  [1026  995 1269 1268 1272 1283 1274 1272 1276 1275 1402 1436 1974 1974
 1974 1976 1974 1974 1974 1975 1975 1975 1978 1977 1974 1976 1980 1980
 1976 1977 1979 1981 1978 2012 2347 2346 2344 2345 2342 2345 2375 2510]
Mean of loop delay 1845.595238095238
Confedense intreval  1717.0133685801834 1974.1771076102928

*****************python main.py --filename BCI3_11_21_12_50R0031.txt
sending_delay   [  15   33   33   32   36   31   35   32   35   34   33   33   34   32
   33   33   33   33   33   35   33   32   33   34   34   32   34   36
   57   33   35   33   34   35   33   33   33   33   34   34   33   33
   33   33   34   34   36   31   32   33   36   32   34   33   32   34
   33   33   36   30   34   36   31   34   35   32   31   33   34   34
   33   32   35   33   34   33   34   34   35   31   36   34   34   33
   34   35   33   32   35   34   34   33   34   34   33   33   33   34
   35   33   34   35   32   34   34   34   33   35   32   39   30   34
   33   36   33   35   34   33   33   32   33   36   34   34   32   33
   34   33   34   34   35   32   32   34   34   33   34   32   34   33
   33   34   33   32   34   33   34   34   34   35   33   34   33   34
   33   34   34   33   35   34   35   32   33   34   32   35   33   33
   34   34   33   36   32   33   32   34   33   32   34   34   36   32
   35   33   33   35   32   53   14   41   33   32   34   34   34   35
   30   34   34   32   33 1273   24  259   32   32   34   34   33   33
   33   34   32   35   32   35   33   33   39   31  228   14   76   34
   36   31   32   35   34   34   32   34   33   34   32   34   34   34
   35   32   32   34   35   35   33   32   35   35   30   33   35   33
   34   33   33   34   33   33   32   36   31   34   33   35   33   33
   33   35   32   34   34   33   34   34   32   33   33   33   34   33
   32   35   36   31   34   33   36   30   35   34   33   32   34   35
   33   35   33   34   34   32   33   38   30   35   32   33   34   35
   33   35   31   35   32   32   33   33   36  111   31   34   34   33
   37   31   33   35   31   32   33   35   35   34   34   32   34   30
   34   34   34   32   37   34   33   37   34   32   33   33   34   32
   35   33   36   32   33   34   32   34   32   34   33   34   32   33
   34   34   34   34   34   31   34   35   32   35   33   33   42   33
   33   33   34   32   33   46   21   32   33   37   31   36   33   32
   35   37   32   33   33   34   34   33   32   33   35   33   34   36
   31   34   34   32   33   33   36   32   34   35   34   32   41   33
   31   32   34   33   38   30   33   35   33   31   35   35   34   33
   33   34   33   35   32   35   37   30   31   33   34   33   38   34
   30   33   35   32   34   32   35   33   33   33   34   34]
# flag_sending  76
 # flag_recieving  12
loop_delay  [ 2427  2430  2434  2438  8182 10153 11206 11467 11473 12584 13425 14336]
Mean of loop delay 8546.25
Confedense intreval  5517.02503071487 11575.47496928513
******************************************************python main.py --filename BCI3_11_21_13_50R0031.txt************
sending_delay   [15 34 34 36 36 30 35 34 32 35 32 33 34 34 33 33 33 33 37 33 33 32 34 33
 32 34 34 35 32 33 34 31 33 35 34 34 34 34 33 34 33 34 33 34 35 34 34 30
 34 34 33 33 35 33 33 33 34 34 35 32 37 35 35 28 34 34 34 34 35 32 36 37
 28 33 33 32 34 35 31 35 31 33 34 35 32 32 35 34 30 35 32 36 33 34 34 34
 33 33 32 33 32 35 33 35 33 32 32 34 33 36 34 33 37 31 33 32 33 34 33 36
 31 34 34 33 34 32 35 33 33 33 33 34 33 34 33 34 33 34 32 34 34 33 34 34
 33 35 34 33 33 32 34 34 34 36 31 32 33 35 33 33 36 33 32 34 32 36 31 34
 34 35 32 36 32 33 33 34 35 34 33 32 34 33 33 34 34 35 33 31 36 34 34 35
 35 30 34 33 33 32 33 34 35 32 37 35 29 36 33 32 35 32 35 33 35 33 33 34
 32 35 34 38 30 32 31 34 34 32 35 31 35 34 34 31 34 32 34 33 34 34 34 32
 33 35 34 35 31 35 32 36 32 36 35 33 38 24 35 33 34 33 35 68 32 33 34 33
 35 34 67 33 35 33 68 35 32 32 36 31 36 68 31 32 34 67 34 34 33 34 32 34
 68 33 33 33 36 36 64 33 65 34 33 35 34 31 33 68 33 34 32 34 66 33 35 32
 34 67 34 35 33 66 33 32 67]
# flag_sending  53
 # flag_recieving  21
loop_delay  [2409 2411 2409 2410 2408 2408 2412 2405 2408 2439 3244 3440 3815 3950
 3986 4018 4654 4898 5660 5696 6396]
Mean of loop delay 3517.904761904762
Confedense intreval  2925.538836123879 4110.2706876856455